    3   18
        0.0000000000        0.0000000000        0.0000000000
        0.5782781222        0.2021268732        0.1806481739
        0.0903246638       -0.3600370727        0.0000000000
       -0.9717905655        0.0000000000       -0.7175594565
        0.0000000000        0.0000000000       -0.1708778358
        0.0000000000        0.0000000000        0.0000000000
       -0.3722435898        0.0000000000        0.5125139510
        0.1997618344        0.7577061734       -0.0332310746
       -0.5561239123       -0.7277513544        0.0000000000
        0.0000000000        0.0000000000        0.0000000000
        0.0000000000        0.0000000000        0.0000000000
        0.0000000000        0.0000000000       -0.8829088534
        0.0000000000        0.0000000000        0.0000000000
        0.0000000000        0.0000000000        0.0000000000
       -0.3391235621        0.0000000000        0.0000000000
        0.0000000000        0.0000000000        0.0000000000
        0.2177212532        0.0000000000        0.0000000000
        0.0000000000        0.0354496256       -0.2877266325
        0.0000000000        0.0000000000        0.0000000000
        0.0000000000        0.0000000000        0.0000000000
        0.0000000000        0.0000000000        0.0000000000
        0.0000000000        0.0000000000        0.1947566455
        0.0000000000        0.0000000000        0.0000000000
        0.0000000000        0.0025078338        0.0000000000
        0.0000000000        0.0000000000       -0.0355207992
        0.0000000000        0.0000000000        0.0000000000
        0.2851382324        0.1573723272        0.5345771901
