# SPECTRO ##########################################
    1    1    3    2    0    0    1    4    0    0   00    0    0    0    0
    0    0    0    0    0    1    0    0    0    0    0    0    0    0    0
# GEOM #######################################
   4   1
 8.00      0.0000000000      0.0000000000     -1.1383595958
 6.00      0.0000000000      0.0000000000      1.1412176881
 1.00      0.0000000000      1.7723448243      2.2349315804
 1.00      0.0000000000     -1.7723448243      2.2349315804
# WEIGHT ###### 
    4
    1   15.994914
    2   12.0
    3    1.007825
    4    1.007825
# CURVIL ##########################################
    1    2
    2    3
    2    4
    2    1    3
    2    1    4
    1    2    3    4

