# SPECTRO ##########################################
    1    1    5    4    0    0    3    2    0    0   00    0    0    0    0
    0    0    0    1    0    1    0    0    0    0    0    0    0    0    0
# GEOM #######################################
   6   1 
 8.00       1.849864789903     3.204059803241     0.000000000000
12.00       3.222396529010     0.000000000000     0.000000000000
 8.00       1.849864789903    -3.204059803241     0.000000000000
12.00      -1.611198264411    -2.790677255040     0.000000000000
 8.00      -3.699729579806     0.000000000000     0.000000000000
12.00      -1.611198264411     2.760677255040     0.000000000000
# WEIGHT ###### 
    6    
    1   15.994915
    2   23.985042 
    3   15.994915 
    4   23.985042
    5   15.994915 
    6   23.985042
# CURVIL ##########################################
    4    3
    4    2
    4    1
    4    6
    4    5
    4    3    2
    4    3    1
    4    5    6
    4    5    1
    5    4    6    1
    3    4    2    1
    3    4    5    1
